11
  0      WDL      32       9      61     102    34.0000
  1      JQI      43      80      92     215    71.6667
  2      AXF      68      19      79     166    55.3333
  3      LAO      99      95      11     205    68.3333
  4      QXZ      15      56       2      73    24.3333
  5      HHV      71      97      42     210    70.0000
  6      KCT       0      48       9      57    19.0000
  7      TSE      43      33      63     139    46.3333
  8      HTD       4      26      45      75    25.0000
  9      XQO      87      18      99     204    68.0000
 10      aaa      80      80      80     240    80.0000